3.150000000000000000e+02 4.828969999999999709e+04 9.826999999999999602e+01 2.000000000000000042e-02 4.868300000000000000e+04 5.000000000000000000e-01 5.999999999999999778e-02
1.750000000000000000e+02 1.412010000000000036e+04 9.381999999999999318e+01 4.000000000000000083e-02 1.455400000000000000e+04 4.799999999999999822e-01 2.200000000000000011e-01
8.550000000000000000e+02 3.496890000000000000e+05 9.601000000000000512e+01 2.000000000000000042e-02 3.588520000000000000e+05 4.899999999999999911e-01 1.799999999999999933e-01
2.940000000000000000e+02 4.066269999999999709e+04 9.506000000000000227e+01 2.999999999999999889e-02 4.188800000000000000e+04 4.899999999999999911e-01 1.400000000000000133e-01
6.220000000000000000e+02 1.844740000000000000e+05 9.582999999999999829e+01 2.000000000000000042e-02 1.893530000000000000e+05 4.899999999999999911e-01 2.099999999999999922e-01
2.670000000000000000e+02 3.304950000000000000e+04 9.376999999999999602e+01 2.999999999999999889e-02 3.430400000000000000e+04 4.899999999999999911e-01 2.000000000000000111e-01
1.440000000000000000e+02 8.951170000000000073e+03 8.815999999999999659e+01 7.000000000000000666e-02 9.577000000000000000e+03 4.699999999999999734e-01 3.400000000000000244e-01
3.020000000000000000e+02 4.356640000000000146e+04 9.648999999999999488e+01 2.000000000000000042e-02 4.442800000000000000e+04 4.899999999999999911e-01 1.000000000000000056e-01
4.050000000000000000e+02 7.820500000000000000e+04 9.606999999999999318e+01 1.000000000000000021e-02 8.125300000000000000e+04 5.000000000000000000e-01 1.000000000000000021e-02
9.470000000000000000e+02 4.425220000000000000e+05 9.900000000000000000e+01 1.000000000000000021e-02 4.449480000000000000e+05 5.000000000000000000e-01 2.999999999999999889e-02
6.710000000000000000e+02 2.165200000000000000e+05 9.660999999999999943e+01 2.000000000000000042e-02 2.209740000000000000e+05 4.899999999999999911e-01 1.700000000000000122e-01
3.220000000000000000e+02 4.716690000000000146e+04 9.184000000000000341e+01 2.000000000000000042e-02 5.078000000000000000e+04 4.899999999999999911e-01 4.000000000000000083e-02
9.400000000000000000e+01 3.706679999999999836e+03 8.665000000000000568e+01 8.999999999999999667e-02 3.973000000000000000e+03 4.600000000000000200e-01 3.900000000000000133e-01
4.130000000000000000e+02 8.280389999999999418e+04 9.779999999999999716e+01 2.000000000000000042e-02 8.375700000000000000e+04 4.899999999999999911e-01 7.000000000000000666e-02
1.390000000000000000e+02 8.137729999999999563e+03 8.609000000000000341e+01 8.000000000000000167e-02 8.817000000000000000e+03 4.699999999999999734e-01 3.900000000000000133e-01
2.770000000000000000e+02 3.601540000000000146e+04 9.490000000000000568e+01 2.999999999999999889e-02 3.692000000000000000e+04 4.899999999999999911e-01 2.099999999999999922e-01
2.410000000000000000e+02 2.732120000000000073e+04 9.526000000000000512e+01 2.999999999999999889e-02 2.815000000000000000e+04 4.899999999999999911e-01 1.100000000000000006e-01
1.970000000000000000e+02 1.593820000000000073e+04 8.340000000000000568e+01 7.000000000000000666e-02 1.790800000000000000e+04 4.699999999999999734e-01 3.599999999999999867e-01
8.400000000000000000e+01 3.223349999999999909e+03 9.471999999999999886e+01 5.999999999999999778e-02 3.287000000000000000e+03 4.799999999999999822e-01 1.499999999999999944e-01
6.860000000000000000e+02 2.236350000000000000e+05 9.545999999999999375e+01 2.000000000000000042e-02 2.303610000000000000e+05 4.899999999999999911e-01 1.600000000000000033e-01
2.890000000000000000e+02 3.925359999999999854e+04 9.498000000000000398e+01 2.999999999999999889e-02 4.049900000000000000e+04 4.899999999999999911e-01 1.300000000000000044e-01
2.550000000000000000e+02 3.091790000000000146e+04 9.621999999999999886e+01 2.999999999999999889e-02 3.143900000000000000e+04 4.899999999999999911e-01 1.900000000000000022e-01
2.650000000000000000e+02 3.375240000000000146e+04 9.721999999999999886e+01 2.000000000000000042e-02 3.442500000000000000e+04 5.000000000000000000e-01 2.999999999999999889e-02
1.190000000000000000e+02 5.588159999999999854e+03 8.095000000000000284e+01 1.000000000000000056e-01 6.340000000000000000e+03 4.600000000000000200e-01 3.699999999999999956e-01
1.267000000000000000e+03 7.672210000000000000e+05 9.581000000000000227e+01 0.000000000000000000e+00 7.989340000000000000e+05 5.000000000000000000e-01 1.000000000000000021e-02
6.940000000000000000e+02 2.343700000000000000e+05 9.773999999999999488e+01 1.000000000000000021e-02 2.376640000000000000e+05 5.000000000000000000e-01 7.000000000000000666e-02
1.071000000000000000e+03 5.657610000000000000e+05 9.892000000000000171e+01 1.000000000000000021e-02 5.695840000000000000e+05 5.000000000000000000e-01 2.999999999999999889e-02
1.043000000000000000e+03 5.323790000000000000e+05 9.815999999999999659e+01 1.000000000000000021e-02 5.387800000000000000e+05 5.000000000000000000e-01 5.999999999999999778e-02
9.900000000000000000e+01 4.201500000000000000e+03 8.840000000000000568e+01 2.999999999999999889e-02 4.687000000000000000e+03 4.899999999999999911e-01 4.000000000000000083e-02
3.600000000000000000e+01 1.857100000000000080e+02 3.121000000000000085e+01 4.000000000000000222e-01 3.770000000000000000e+02 3.200000000000000067e-01 6.300000000000000044e-01
2.660000000000000000e+02 3.116979999999999927e+04 8.910999999999999943e+01 2.999999999999999889e-02 3.419100000000000000e+04 4.899999999999999911e-01 1.100000000000000006e-01
3.250000000000000000e+02 4.997509999999999854e+04 9.551000000000000512e+01 2.999999999999999889e-02 5.122000000000000000e+04 4.899999999999999911e-01 1.799999999999999933e-01
1.960000000000000000e+02 1.552310000000000036e+04 8.206999999999999318e+01 5.999999999999999778e-02 1.798200000000000000e+04 4.799999999999999822e-01 2.500000000000000000e-01
1.660000000000000000e+02 1.268939999999999964e+04 9.379000000000000625e+01 4.000000000000000083e-02 1.313700000000000000e+04 4.899999999999999911e-01 1.700000000000000122e-01
7.310000000000000000e+02 2.646270000000000000e+05 9.945000000000000284e+01 1.000000000000000021e-02 2.653240000000000000e+05 5.000000000000000000e-01 2.000000000000000042e-02
4.310000000000000000e+02 9.011539999999999418e+04 9.770000000000000284e+01 2.000000000000000042e-02 9.120200000000000000e+04 4.899999999999999911e-01 8.000000000000000167e-02
7.500000000000000000e+01 2.650670000000000073e+03 9.814000000000000057e+01 4.000000000000000083e-02 2.660000000000000000e+03 4.899999999999999911e-01 5.000000000000000278e-02
5.600000000000000000e+01 1.205099999999999909e+03 8.115000000000000568e+01 1.199999999999999956e-01 1.362000000000000000e+03 4.600000000000000200e-01 3.099999999999999978e-01
3.320000000000000000e+02 5.165719999999999709e+04 9.457999999999999829e+01 2.999999999999999889e-02 5.332000000000000000e+04 4.899999999999999911e-01 2.000000000000000111e-01
6.220000000000000000e+02 1.887410000000000000e+05 9.804000000000000625e+01 1.000000000000000021e-02 1.907910000000000000e+05 5.000000000000000000e-01 1.100000000000000006e-01
3.060000000000000000e+02 4.414250000000000000e+04 9.521999999999999886e+01 2.999999999999999889e-02 4.538800000000000000e+04 4.899999999999999911e-01 1.600000000000000033e-01
4.360000000000000000e+02 9.049430000000000291e+04 9.587000000000000455e+01 2.000000000000000042e-02 9.293300000000000000e+04 4.899999999999999911e-01 1.000000000000000056e-01
5.800000000000000000e+01 1.054670000000000073e+03 6.607999999999999829e+01 8.000000000000000167e-02 1.516000000000000000e+03 4.699999999999999734e-01 1.199999999999999956e-01
5.000000000000000000e+01 1.146829999999999927e+03 9.751999999999999602e+01 5.999999999999999778e-02 1.150000000000000000e+03 4.899999999999999911e-01 8.000000000000000167e-02
4.930000000000000000e+02 1.158370000000000000e+05 9.590000000000000568e+01 2.000000000000000042e-02 1.188480000000000000e+05 4.899999999999999911e-01 1.199999999999999956e-01
1.870000000000000000e+02 1.658020000000000073e+04 9.637000000000000455e+01 2.999999999999999889e-02 1.684500000000000000e+04 4.899999999999999911e-01 1.199999999999999956e-01
1.020000000000000000e+02 4.216479999999999563e+03 8.348999999999999488e+01 8.999999999999999667e-02 4.694000000000000000e+03 4.600000000000000200e-01 3.200000000000000067e-01
9.500000000000000000e+02 4.382190000000000000e+05 9.742000000000000171e+01 1.000000000000000021e-02 4.454540000000000000e+05 5.000000000000000000e-01 8.999999999999999667e-02
3.180000000000000000e+02 4.902480000000000291e+04 9.787999999999999545e+01 2.000000000000000042e-02 4.958400000000000000e+04 4.899999999999999911e-01 5.999999999999999778e-02
4.640000000000000000e+02 1.037940000000000000e+05 9.704999999999999716e+01 2.000000000000000042e-02 1.056660000000000000e+05 4.899999999999999911e-01 8.000000000000000167e-02
3.330000000000000000e+02 5.358340000000000146e+04 9.751999999999999602e+01 2.000000000000000042e-02 5.430600000000000000e+04 4.899999999999999911e-01 7.000000000000000666e-02
3.610000000000000000e+02 5.869530000000000291e+04 9.082999999999999829e+01 2.000000000000000042e-02 6.382600000000000000e+04 4.899999999999999911e-01 5.000000000000000278e-02
3.790000000000000000e+02 6.642089999999999418e+04 9.321999999999999886e+01 2.999999999999999889e-02 6.919100000000000000e+04 4.899999999999999911e-01 2.700000000000000178e-01
7.750000000000000000e+02 2.909730000000000000e+05 9.726999999999999602e+01 1.000000000000000021e-02 2.961740000000000000e+05 5.000000000000000000e-01 8.000000000000000167e-02
4.750000000000000000e+02 1.088660000000000000e+05 9.710999999999999943e+01 2.000000000000000042e-02 1.105880000000000000e+05 4.899999999999999911e-01 1.300000000000000044e-01
2.220000000000000000e+02 2.189470000000000073e+04 9.006000000000000227e+01 4.000000000000000083e-02 2.346200000000000000e+04 4.799999999999999822e-01 2.099999999999999922e-01
6.060000000000000000e+02 1.774530000000000000e+05 9.712000000000000455e+01 1.000000000000000021e-02 1.807880000000000000e+05 4.899999999999999911e-01 7.000000000000000666e-02
2.880000000000000000e+02 3.916800000000000000e+04 9.543999999999999773e+01 2.000000000000000042e-02 4.030300000000000000e+04 4.899999999999999911e-01 1.300000000000000044e-01
1.600000000000000000e+02 1.218079999999999927e+04 9.696999999999999886e+01 2.999999999999999889e-02 1.238200000000000000e+04 4.899999999999999911e-01 5.999999999999999778e-02
3.560000000000000000e+02 5.957890000000000146e+04 9.481999999999999318e+01 2.999999999999999889e-02 6.153300000000000000e+04 4.899999999999999911e-01 1.700000000000000122e-01
9.650000000000000000e+02 4.536850000000000000e+05 9.773999999999999488e+01 1.000000000000000021e-02 4.602230000000000000e+05 5.000000000000000000e-01 8.000000000000000167e-02
4.190000000000000000e+02 8.213900000000000000e+04 9.425000000000000000e+01 2.000000000000000042e-02 8.549200000000000000e+04 4.899999999999999911e-01 1.499999999999999944e-01
1.410000000000000000e+02 8.399659999999999854e+03 8.632999999999999829e+01 7.000000000000000666e-02 9.196000000000000000e+03 4.699999999999999734e-01 3.099999999999999978e-01
4.570000000000000000e+02 1.000450000000000000e+05 9.643999999999999773e+01 2.000000000000000042e-02 1.021010000000000000e+05 4.899999999999999911e-01 1.600000000000000033e-01
1.226000000000000000e+03 7.295490000000000000e+05 9.731000000000000227e+01 0.000000000000000000e+00 7.490150000000000000e+05 5.000000000000000000e-01 0.000000000000000000e+00
6.310000000000000000e+02 1.923510000000000000e+05 9.707999999999999829e+01 2.000000000000000042e-02 1.954960000000000000e+05 4.899999999999999911e-01 1.400000000000000133e-01
8.310000000000000000e+02 3.383830000000000000e+05 9.835999999999999943e+01 1.000000000000000021e-02 3.411540000000000000e+05 5.000000000000000000e-01 7.000000000000000666e-02
9.900000000000000000e+01 4.243829999999999927e+03 8.929000000000000625e+01 4.000000000000000083e-02 4.660000000000000000e+03 4.899999999999999911e-01 5.999999999999999778e-02
1.880000000000000000e+02 1.690220000000000073e+04 9.718999999999999773e+01 2.000000000000000042e-02 1.717900000000000000e+04 4.899999999999999911e-01 5.000000000000000278e-02
2.090000000000000000e+02 2.058220000000000073e+04 9.560999999999999943e+01 2.999999999999999889e-02 2.109200000000000000e+04 4.899999999999999911e-01 1.100000000000000006e-01
4.100000000000000000e+01 7.625000000000000000e+02 9.776000000000000512e+01 7.000000000000000666e-02 7.650000000000000000e+02 4.899999999999999911e-01 5.999999999999999778e-02
1.340000000000000000e+02 8.649250000000000000e+03 9.853000000000000114e+01 2.000000000000000042e-02 8.697000000000000000e+03 5.000000000000000000e-01 2.999999999999999889e-02
1.091000000000000000e+03 5.844450000000000000e+05 9.846999999999999886e+01 1.000000000000000021e-02 5.902030000000000000e+05 5.000000000000000000e-01 5.000000000000000278e-02
2.390000000000000000e+02 2.411609999999999854e+04 8.551000000000000512e+01 5.000000000000000278e-02 2.693700000000000000e+04 4.799999999999999822e-01 2.700000000000000178e-01
3.690000000000000000e+02 6.511950000000000000e+04 9.643000000000000682e+01 2.000000000000000042e-02 6.651800000000000000e+04 4.899999999999999911e-01 8.999999999999999667e-02
8.040000000000000000e+02 3.127390000000000000e+05 9.712000000000000455e+01 1.000000000000000021e-02 3.211750000000000000e+05 5.000000000000000000e-01 1.000000000000000021e-02
1.350000000000000000e+02 8.479959999999999127e+03 9.515999999999999659e+01 4.000000000000000083e-02 8.711000000000000000e+03 4.899999999999999911e-01 1.199999999999999956e-01
5.700000000000000000e+01 1.509500000000000000e+03 9.801999999999999602e+01 5.000000000000000278e-02 1.522000000000000000e+03 4.899999999999999911e-01 2.999999999999999889e-02
4.460000000000000000e+02 9.513410000000000582e+04 9.629999999999999716e+01 2.000000000000000042e-02 9.741600000000000000e+04 4.899999999999999911e-01 1.000000000000000056e-01
2.360000000000000000e+02 2.565190000000000146e+04 9.329999999999999716e+01 2.999999999999999889e-02 2.680500000000000000e+04 4.899999999999999911e-01 1.799999999999999933e-01
6.440000000000000000e+02 2.030580000000000000e+05 9.837999999999999545e+01 1.000000000000000021e-02 2.049080000000000000e+05 5.000000000000000000e-01 5.000000000000000278e-02
5.950000000000000000e+02 1.728750000000000000e+05 9.815999999999999659e+01 1.000000000000000021e-02 1.748590000000000000e+05 5.000000000000000000e-01 5.000000000000000278e-02
7.210000000000000000e+02 2.488890000000000000e+05 9.615999999999999659e+01 2.000000000000000042e-02 2.554650000000000000e+05 4.899999999999999911e-01 1.199999999999999956e-01
1.670000000000000000e+02 1.303779999999999927e+04 9.520000000000000284e+01 4.000000000000000083e-02 1.328100000000000000e+04 4.799999999999999822e-01 2.099999999999999922e-01
8.450000000000000000e+02 3.504080000000000000e+05 9.850000000000000000e+01 1.000000000000000021e-02 3.536420000000000000e+05 5.000000000000000000e-01 5.000000000000000278e-02
3.320000000000000000e+02 5.166980000000000291e+04 9.460999999999999943e+01 2.999999999999999889e-02 5.347900000000000000e+04 4.899999999999999911e-01 1.799999999999999933e-01
1.590000000000000000e+02 1.083120000000000073e+04 8.732999999999999829e+01 4.000000000000000083e-02 1.205000000000000000e+04 4.899999999999999911e-01 1.000000000000000056e-01
4.860000000000000000e+02 1.155310000000000000e+05 9.843000000000000682e+01 1.000000000000000021e-02 1.168160000000000000e+05 5.000000000000000000e-01 2.999999999999999889e-02
1.260000000000000000e+02 7.710500000000000000e+03 9.948999999999999488e+01 2.000000000000000042e-02 7.729000000000000000e+03 5.000000000000000000e-01 1.000000000000000021e-02
1.340000000000000000e+02 8.096600000000000364e+03 9.223999999999999488e+01 7.000000000000000666e-02 8.311000000000000000e+03 4.699999999999999734e-01 3.499999999999999778e-01
8.020000000000000000e+02 3.139120000000000000e+05 9.798000000000000398e+01 1.000000000000000021e-02 3.182800000000000000e+05 5.000000000000000000e-01 4.000000000000000083e-02
7.580000000000000000e+02 2.828210000000000000e+05 9.884000000000000341e+01 1.000000000000000021e-02 2.845970000000000000e+05 5.000000000000000000e-01 5.000000000000000278e-02
1.118000000000000000e+03 6.148300000000000000e+05 9.864000000000000057e+01 0.000000000000000000e+00 6.221500000000000000e+05 5.000000000000000000e-01 1.000000000000000021e-02
4.510000000000000000e+02 9.815310000000000582e+04 9.715999999999999659e+01 2.000000000000000042e-02 9.973300000000000000e+04 4.899999999999999911e-01 1.199999999999999956e-01
7.700000000000000000e+01 2.830500000000000000e+03 9.931999999999999318e+01 2.999999999999999889e-02 2.837000000000000000e+03 5.000000000000000000e-01 1.000000000000000021e-02
7.700000000000000000e+01 2.816329999999999927e+03 9.881999999999999318e+01 2.999999999999999889e-02 2.824000000000000000e+03 5.000000000000000000e-01 2.999999999999999889e-02
5.120000000000000000e+02 1.273880000000000000e+05 9.776000000000000512e+01 1.000000000000000021e-02 1.290450000000000000e+05 5.000000000000000000e-01 8.000000000000000167e-02
5.420000000000000000e+02 1.380530000000000000e+05 9.451000000000000512e+01 1.000000000000000021e-02 1.455760000000000000e+05 5.000000000000000000e-01 1.000000000000000021e-02
1.750000000000000000e+02 1.419950000000000000e+04 9.434000000000000341e+01 4.000000000000000083e-02 1.465400000000000000e+04 4.899999999999999911e-01 1.700000000000000122e-01
2.130000000000000000e+02 2.022509999999999854e+04 9.043000000000000682e+01 7.000000000000000666e-02 2.110000000000000000e+04 4.699999999999999734e-01 4.400000000000000022e-01
4.630000000000000000e+02 1.037220000000000000e+05 9.740000000000000568e+01 2.000000000000000042e-02 1.051130000000000000e+05 4.899999999999999911e-01 1.300000000000000044e-01
1.120000000000000000e+02 5.856210000000000036e+03 9.592000000000000171e+01 4.000000000000000083e-02 5.968000000000000000e+03 4.899999999999999911e-01 8.999999999999999667e-02
1.450000000000000000e+02 1.025800000000000000e+04 9.962999999999999545e+01 2.000000000000000042e-02 1.027200000000000000e+04 5.000000000000000000e-01 1.000000000000000021e-02
4.360000000000000000e+02 9.079930000000000291e+04 9.618999999999999773e+01 2.000000000000000042e-02 9.295200000000000000e+04 4.899999999999999911e-01 1.100000000000000006e-01
5.490000000000000000e+02 1.413580000000000000e+05 9.431999999999999318e+01 2.000000000000000042e-02 1.467750000000000000e+05 4.899999999999999911e-01 1.799999999999999933e-01
1.610000000000000000e+02 1.166779999999999927e+04 9.173000000000000398e+01 5.000000000000000278e-02 1.222500000000000000e+04 4.799999999999999822e-01 2.600000000000000089e-01
1.770000000000000000e+02 1.421020000000000073e+04 9.226999999999999602e+01 5.000000000000000278e-02 1.479500000000000000e+04 4.799999999999999822e-01 2.700000000000000178e-01
3.780000000000000000e+02 6.796819999999999709e+04 9.590000000000000568e+01 2.000000000000000042e-02 6.984100000000000000e+04 4.899999999999999911e-01 8.999999999999999667e-02
5.650000000000000000e+02 1.564580000000000000e+05 9.854999999999999716e+01 1.000000000000000021e-02 1.577500000000000000e+05 5.000000000000000000e-01 2.999999999999999889e-02
2.570000000000000000e+02 2.434070000000000073e+04 7.456999999999999318e+01 5.000000000000000278e-02 3.140400000000000000e+04 4.799999999999999822e-01 1.600000000000000033e-01
5.730000000000000000e+02 1.546590000000000000e+05 9.470000000000000284e+01 2.000000000000000042e-02 1.604070000000000000e+05 4.899999999999999911e-01 1.799999999999999933e-01
6.760000000000000000e+02 2.224110000000000000e+05 9.776999999999999602e+01 1.000000000000000021e-02 2.257070000000000000e+05 5.000000000000000000e-01 5.999999999999999778e-02
6.280000000000000000e+02 1.931560000000000000e+05 9.842000000000000171e+01 1.000000000000000021e-02 1.947790000000000000e+05 5.000000000000000000e-01 5.000000000000000278e-02
2.900000000000000000e+01 3.344200000000000159e+02 8.846999999999999886e+01 1.400000000000000133e-01 3.480000000000000000e+02 4.600000000000000200e-01 2.600000000000000089e-01
1.380000000000000000e+02 8.926110000000000582e+03 9.581000000000000227e+01 4.000000000000000083e-02 9.061000000000000000e+03 4.899999999999999911e-01 1.700000000000000122e-01
5.390000000000000000e+02 1.383370000000000000e+05 9.576999999999999602e+01 2.000000000000000042e-02 1.424600000000000000e+05 4.899999999999999911e-01 1.300000000000000044e-01
9.550000000000000000e+02 4.418410000000000000e+05 9.720000000000000284e+01 1.000000000000000021e-02 4.504390000000000000e+05 5.000000000000000000e-01 8.000000000000000167e-02
7.200000000000000000e+01 2.015240000000000009e+03 8.109999999999999432e+01 1.199999999999999956e-01 2.262000000000000000e+03 4.600000000000000200e-01 3.800000000000000044e-01
2.530000000000000000e+02 2.664570000000000073e+04 8.425000000000000000e+01 7.000000000000000666e-02 2.963200000000000000e+04 4.699999999999999734e-01 3.900000000000000133e-01
2.160000000000000000e+02 1.934540000000000146e+04 8.409000000000000341e+01 5.999999999999999778e-02 2.176600000000000000e+04 4.699999999999999734e-01 3.300000000000000155e-01
2.950000000000000000e+02 4.292769999999999709e+04 9.967000000000000171e+01 1.000000000000000021e-02 4.299800000000000000e+04 5.000000000000000000e-01 1.000000000000000021e-02
1.690000000000000000e+02 1.277410000000000036e+04 9.106000000000000227e+01 5.000000000000000278e-02 1.345700000000000000e+04 4.799999999999999822e-01 2.800000000000000266e-01
4.400000000000000000e+02 9.426430000000000291e+04 9.804999999999999716e+01 1.000000000000000021e-02 9.532300000000000000e+04 5.000000000000000000e-01 5.000000000000000278e-02
2.310000000000000000e+02 2.285679999999999927e+04 8.679000000000000625e+01 5.999999999999999778e-02 2.494600000000000000e+04 4.699999999999999734e-01 3.599999999999999867e-01
2.970000000000000000e+02 4.172880000000000291e+04 9.557999999999999829e+01 2.999999999999999889e-02 4.282600000000000000e+04 4.899999999999999911e-01 1.700000000000000122e-01
2.220000000000000000e+02 1.715009999999999854e+04 7.054999999999999716e+01 8.999999999999999667e-02 2.235900000000000000e+04 4.600000000000000200e-01 3.400000000000000244e-01
2.380000000000000000e+02 2.744959999999999854e+04 9.815000000000000568e+01 1.000000000000000021e-02 2.782200000000000000e+04 5.000000000000000000e-01 4.000000000000000083e-02
4.470000000000000000e+02 9.518130000000000291e+04 9.592000000000000171e+01 2.000000000000000042e-02 9.763500000000000000e+04 4.899999999999999911e-01 1.300000000000000044e-01
1.098000000000000000e+03 5.930810000000000000e+05 9.865999999999999659e+01 1.000000000000000021e-02 5.980660000000000000e+05 5.000000000000000000e-01 4.000000000000000083e-02
1.940000000000000000e+02 1.812309999999999854e+04 9.781000000000000227e+01 2.000000000000000042e-02 1.831300000000000000e+04 4.899999999999999911e-01 5.999999999999999778e-02
2.980000000000000000e+02 4.204809999999999854e+04 9.565999999999999659e+01 2.999999999999999889e-02 4.314400000000000000e+04 4.899999999999999911e-01 1.199999999999999956e-01
3.610000000000000000e+02 6.093740000000000146e+04 9.429999999999999716e+01 2.999999999999999889e-02 6.319500000000000000e+04 4.899999999999999911e-01 2.200000000000000011e-01
8.500000000000000000e+01 2.972730000000000018e+03 8.528000000000000114e+01 1.000000000000000056e-01 3.201000000000000000e+03 4.600000000000000200e-01 3.699999999999999956e-01
3.810000000000000000e+02 6.824760000000000582e+04 9.478000000000000114e+01 2.999999999999999889e-02 7.050500000000000000e+04 4.899999999999999911e-01 1.600000000000000033e-01
2.980000000000000000e+02 4.149280000000000291e+04 9.440000000000000568e+01 2.999999999999999889e-02 4.296800000000000000e+04 4.899999999999999911e-01 1.400000000000000133e-01
1.540000000000000000e+02 1.142450000000000000e+04 9.825000000000000000e+01 2.000000000000000042e-02 1.151000000000000000e+04 4.899999999999999911e-01 5.000000000000000278e-02
3.400000000000000000e+02 5.344419999999999709e+04 9.329000000000000625e+01 2.999999999999999889e-02 5.562800000000000000e+04 4.899999999999999911e-01 2.600000000000000089e-01
3.850000000000000000e+02 6.243340000000000146e+04 8.490000000000000568e+01 2.000000000000000042e-02 7.269700000000000000e+04 4.899999999999999911e-01 4.000000000000000083e-02
1.350000000000000000e+03 8.957900000000000000e+05 9.851999999999999602e+01 1.000000000000000021e-02 9.043090000000000000e+05 5.000000000000000000e-01 5.000000000000000278e-02
2.620000000000000000e+02 3.295900000000000000e+04 9.714000000000000057e+01 2.000000000000000042e-02 3.338100000000000000e+04 4.899999999999999911e-01 1.300000000000000044e-01
3.000000000000000000e+02 4.315900000000000000e+04 9.687999999999999545e+01 2.000000000000000042e-02 4.396800000000000000e+04 4.899999999999999911e-01 7.000000000000000666e-02
9.100000000000000000e+01 3.763980000000000018e+03 9.398000000000000398e+01 5.000000000000000278e-02 3.899000000000000000e+03 4.899999999999999911e-01 8.999999999999999667e-02
3.150000000000000000e+02 4.707859999999999854e+04 9.579999999999999716e+01 2.999999999999999889e-02 4.814900000000000000e+04 4.899999999999999911e-01 1.900000000000000022e-01
6.100000000000000000e+01 1.761000000000000000e+03 9.948999999999999488e+01 4.000000000000000083e-02 1.761000000000000000e+03 5.000000000000000000e-01 2.000000000000000042e-02
4.310000000000000000e+02 9.129850000000000000e+04 9.898000000000000398e+01 1.000000000000000021e-02 9.170100000000000000e+04 5.000000000000000000e-01 2.999999999999999889e-02
1.770000000000000000e+02 1.404310000000000036e+04 9.118999999999999773e+01 5.999999999999999778e-02 1.464300000000000000e+04 4.799999999999999822e-01 3.599999999999999867e-01
1.225000000000000000e+03 7.435300000000000000e+05 9.934000000000000341e+01 0.000000000000000000e+00 7.462160000000000000e+05 5.000000000000000000e-01 2.000000000000000042e-02
1.590000000000000000e+02 1.039920000000000073e+04 8.384000000000000341e+01 8.000000000000000167e-02 1.161100000000000000e+04 4.699999999999999734e-01 4.299999999999999933e-01
7.140000000000000000e+02 2.494520000000000000e+05 9.828000000000000114e+01 1.000000000000000021e-02 2.518610000000000000e+05 5.000000000000000000e-01 5.000000000000000278e-02
2.740000000000000000e+02 3.636330000000000291e+04 9.793999999999999773e+01 2.000000000000000042e-02 3.679400000000000000e+04 5.000000000000000000e-01 4.000000000000000083e-02
4.140000000000000000e+02 8.440480000000000291e+04 9.920999999999999375e+01 1.000000000000000021e-02 8.458400000000000000e+04 5.000000000000000000e-01 4.000000000000000083e-02
7.890000000000000000e+02 3.030580000000000000e+05 9.773999999999999488e+01 1.000000000000000021e-02 3.075650000000000000e+05 5.000000000000000000e-01 7.000000000000000666e-02
4.430000000000000000e+02 9.276250000000000000e+04 9.518000000000000682e+01 2.000000000000000042e-02 9.566500000000000000e+04 4.899999999999999911e-01 1.499999999999999944e-01
6.500000000000000000e+01 1.696849999999999909e+03 8.417000000000000171e+01 1.000000000000000056e-01 1.876000000000000000e+03 4.699999999999999734e-01 2.800000000000000266e-01
3.130000000000000000e+02 4.825359999999999854e+04 9.945999999999999375e+01 1.000000000000000021e-02 4.835600000000000000e+04 5.000000000000000000e-01 1.000000000000000021e-02
2.940000000000000000e+02 3.964240000000000146e+04 9.267000000000000171e+01 4.000000000000000083e-02 4.155000000000000000e+04 4.899999999999999911e-01 2.099999999999999922e-01
5.620000000000000000e+02 1.468580000000000000e+05 9.348999999999999488e+01 2.000000000000000042e-02 1.552680000000000000e+05 4.899999999999999911e-01 5.999999999999999778e-02
5.350000000000000000e+02 1.330100000000000000e+05 9.345999999999999375e+01 2.000000000000000042e-02 1.398550000000000000e+05 4.899999999999999911e-01 1.499999999999999944e-01
3.430000000000000000e+02 5.651590000000000146e+04 9.692000000000000171e+01 2.000000000000000042e-02 5.744200000000000000e+04 4.899999999999999911e-01 1.000000000000000056e-01
1.460000000000000000e+02 9.777139999999999418e+03 9.365000000000000568e+01 5.000000000000000278e-02 1.008400000000000000e+04 4.799999999999999822e-01 1.900000000000000022e-01
4.940000000000000000e+02 1.176890000000000000e+05 9.704000000000000625e+01 1.000000000000000021e-02 1.199630000000000000e+05 4.899999999999999911e-01 8.000000000000000167e-02
6.330000000000000000e+02 1.966060000000000000e+05 9.859999999999999432e+01 1.000000000000000021e-02 1.981860000000000000e+05 5.000000000000000000e-01 7.000000000000000666e-02
1.710000000000000000e+02 1.268020000000000073e+04 8.826999999999999602e+01 5.999999999999999778e-02 1.367100000000000000e+04 4.799999999999999822e-01 2.800000000000000266e-01
9.620000000000000000e+02 4.462520000000000000e+05 9.673999999999999488e+01 1.000000000000000021e-02 4.562020000000000000e+05 4.899999999999999911e-01 1.100000000000000006e-01
4.570000000000000000e+02 1.009850000000000000e+05 9.734000000000000341e+01 1.000000000000000021e-02 1.026340000000000000e+05 4.899999999999999911e-01 5.999999999999999778e-02
3.740000000000000000e+02 6.484980000000000291e+04 9.346999999999999886e+01 2.999999999999999889e-02 6.774000000000000000e+04 4.899999999999999911e-01 1.900000000000000022e-01
7.390000000000000000e+02 2.675740000000000000e+05 9.839000000000000057e+01 1.000000000000000021e-02 2.700290000000000000e+05 5.000000000000000000e-01 7.000000000000000666e-02
2.540000000000000000e+02 2.972490000000000146e+04 9.325000000000000000e+01 4.000000000000000083e-02 3.097800000000000000e+04 4.899999999999999911e-01 1.799999999999999933e-01
3.120000000000000000e+02 4.466100000000000000e+04 9.265000000000000568e+01 5.000000000000000278e-02 4.615000000000000000e+04 4.799999999999999822e-01 3.800000000000000044e-01
8.300000000000000000e+01 2.935760000000000218e+03 8.840000000000000568e+01 8.000000000000000167e-02 3.120000000000000000e+03 4.699999999999999734e-01 2.600000000000000089e-01
8.900000000000000000e+01 3.036159999999999854e+03 7.931000000000000227e+01 1.199999999999999956e-01 3.452000000000000000e+03 4.500000000000000111e-01 4.299999999999999933e-01
2.900000000000000000e+02 4.028950000000000000e+04 9.681000000000000227e+01 2.000000000000000042e-02 4.103700000000000000e+04 4.899999999999999911e-01 8.000000000000000167e-02
2.450000000000000000e+02 2.835559999999999854e+04 9.565000000000000568e+01 2.999999999999999889e-02 2.913000000000000000e+04 4.899999999999999911e-01 8.000000000000000167e-02
2.160000000000000000e+02 2.164500000000000000e+04 9.409000000000000341e+01 2.999999999999999889e-02 2.242800000000000000e+04 4.899999999999999911e-01 1.499999999999999944e-01
1.800000000000000000e+02 1.486160000000000036e+04 9.329000000000000625e+01 2.999999999999999889e-02 1.566100000000000000e+04 4.899999999999999911e-01 1.000000000000000056e-01
7.310000000000000000e+02 2.613790000000000000e+05 9.823000000000000398e+01 1.000000000000000021e-02 2.641410000000000000e+05 5.000000000000000000e-01 5.999999999999999778e-02
2.560000000000000000e+02 3.078850000000000000e+04 9.506999999999999318e+01 2.999999999999999889e-02 3.164600000000000000e+04 4.899999999999999911e-01 1.600000000000000033e-01
6.990000000000000000e+02 2.360360000000000000e+05 9.703000000000000114e+01 1.000000000000000021e-02 2.408850000000000000e+05 5.000000000000000000e-01 8.999999999999999667e-02
4.570000000000000000e+02 9.905919999999999709e+04 9.548999999999999488e+01 2.999999999999999889e-02 1.011660000000000000e+05 4.899999999999999911e-01 2.600000000000000089e-01
1.596000000000000000e+03 1.251780000000000000e+06 9.846999999999999886e+01 1.000000000000000021e-02 1.263790000000000000e+06 5.000000000000000000e-01 7.000000000000000666e-02
7.750000000000000000e+02 2.894680000000000000e+05 9.676000000000000512e+01 1.000000000000000021e-02 2.961350000000000000e+05 4.899999999999999911e-01 7.000000000000000666e-02
4.600000000000000000e+01 9.675000000000000000e+02 9.773000000000000398e+01 5.999999999999999778e-02 9.760000000000000000e+02 4.899999999999999911e-01 4.000000000000000083e-02
1.980000000000000000e+02 1.783220000000000073e+04 9.237000000000000455e+01 5.000000000000000278e-02 1.849500000000000000e+04 4.799999999999999822e-01 2.899999999999999800e-01
4.770000000000000000e+02 1.112060000000000000e+05 9.837000000000000455e+01 1.000000000000000021e-02 1.121340000000000000e+05 5.000000000000000000e-01 5.999999999999999778e-02
1.460000000000000000e+03 1.056550000000000000e+06 9.934000000000000341e+01 0.000000000000000000e+00 1.060480000000000000e+06 5.000000000000000000e-01 2.999999999999999889e-02
9.590000000000000000e+02 4.410490000000000000e+05 9.620999999999999375e+01 1.000000000000000021e-02 4.532510000000000000e+05 4.899999999999999911e-01 1.000000000000000056e-01
8.990000000000000000e+02 3.966750000000000000e+05 9.848999999999999488e+01 1.000000000000000021e-02 4.005360000000000000e+05 5.000000000000000000e-01 2.999999999999999889e-02
8.200000000000000000e+01 2.956539999999999964e+03 9.125000000000000000e+01 8.999999999999999667e-02 3.036000000000000000e+03 4.699999999999999734e-01 3.800000000000000044e-01
1.323000000000000000e+03 8.716060000000000000e+05 9.981999999999999318e+01 0.000000000000000000e+00 8.723050000000000000e+05 5.000000000000000000e-01 1.000000000000000021e-02
2.400000000000000000e+01 2.250000000000000000e+02 8.893000000000000682e+01 1.300000000000000044e-01 2.410000000000000000e+02 4.799999999999999822e-01 1.199999999999999956e-01
9.000000000000000000e+02 3.976320000000000000e+05 9.851000000000000512e+01 1.000000000000000021e-02 4.009800000000000000e+05 5.000000000000000000e-01 5.999999999999999778e-02
3.220000000000000000e+02 5.006590000000000146e+04 9.748000000000000398e+01 2.000000000000000042e-02 5.069600000000000000e+04 4.899999999999999911e-01 1.000000000000000056e-01
1.020000000000000000e+02 4.359800000000000182e+03 8.632999999999999829e+01 8.999999999999999667e-02 4.668000000000000000e+03 4.600000000000000200e-01 3.599999999999999867e-01
4.970000000000000000e+02 1.165290000000000000e+05 9.492000000000000171e+01 2.000000000000000042e-02 1.207790000000000000e+05 4.899999999999999911e-01 1.300000000000000044e-01
5.590000000000000000e+02 1.522190000000000000e+05 9.795000000000000284e+01 1.000000000000000021e-02 1.538960000000000000e+05 5.000000000000000000e-01 8.000000000000000167e-02
1.390000000000000000e+02 9.100530000000000655e+03 9.626999999999999602e+01 4.000000000000000083e-02 9.251000000000000000e+03 4.899999999999999911e-01 1.100000000000000006e-01
1.220000000000000000e+02 6.529300000000000182e+03 8.993999999999999773e+01 7.000000000000000666e-02 6.893000000000000000e+03 4.699999999999999734e-01 2.600000000000000089e-01
8.900000000000000000e+01 3.755170000000000073e+03 9.809999999999999432e+01 2.999999999999999889e-02 3.804000000000000000e+03 5.000000000000000000e-01 2.000000000000000042e-02
7.140000000000000000e+02 2.450210000000000000e+05 9.653000000000000114e+01 2.000000000000000042e-02 2.504420000000000000e+05 4.899999999999999911e-01 1.600000000000000033e-01
1.264000000000000000e+03 7.807990000000000000e+05 9.796999999999999886e+01 1.000000000000000021e-02 7.922370000000000000e+05 5.000000000000000000e-01 5.999999999999999778e-02
1.150000000000000000e+02 5.992500000000000000e+03 9.304000000000000625e+01 2.999999999999999889e-02 6.390000000000000000e+03 5.000000000000000000e-01 2.000000000000000042e-02
4.000000000000000000e+01 7.325000000000000000e+02 9.884999999999999432e+01 5.999999999999999778e-02 7.340000000000000000e+02 5.000000000000000000e-01 2.999999999999999889e-02
1.490000000000000000e+02 1.014029999999999927e+04 9.321999999999999886e+01 4.000000000000000083e-02 1.058100000000000000e+04 4.899999999999999911e-01 1.100000000000000006e-01
1.740000000000000000e+02 1.361679999999999927e+04 9.151999999999999602e+01 5.000000000000000278e-02 1.436000000000000000e+04 4.799999999999999822e-01 1.900000000000000022e-01
6.950000000000000000e+02 2.380380000000000000e+05 9.898999999999999488e+01 1.000000000000000021e-02 2.390330000000000000e+05 5.000000000000000000e-01 5.000000000000000278e-02
3.210000000000000000e+02 4.854380000000000291e+04 9.510999999999999943e+01 2.999999999999999889e-02 4.978200000000000000e+04 4.899999999999999911e-01 2.200000000000000011e-01
3.070000000000000000e+02 4.279359999999999854e+04 9.170000000000000284e+01 4.000000000000000083e-02 4.522500000000000000e+04 4.799999999999999822e-01 2.300000000000000100e-01
1.560000000000000000e+03 1.200910000000000000e+06 9.887999999999999545e+01 0.000000000000000000e+00 1.213740000000000000e+06 5.000000000000000000e-01 0.000000000000000000e+00
1.151000000000000000e+03 6.507450000000000000e+05 9.850000000000000000e+01 1.000000000000000021e-02 6.568940000000000000e+05 5.000000000000000000e-01 5.999999999999999778e-02
1.760000000000000000e+02 1.476489999999999964e+04 9.698000000000000398e+01 2.999999999999999889e-02 1.497300000000000000e+04 4.899999999999999911e-01 8.999999999999999667e-02
9.070000000000000000e+02 4.048950000000000000e+05 9.876000000000000512e+01 1.000000000000000021e-02 4.078230000000000000e+05 5.000000000000000000e-01 4.000000000000000083e-02
3.760000000000000000e+02 6.818069999999999709e+04 9.723000000000000398e+01 2.000000000000000042e-02 6.930000000000000000e+04 4.899999999999999911e-01 8.000000000000000167e-02
2.700000000000000000e+02 3.519559999999999854e+04 9.764000000000000057e+01 2.000000000000000042e-02 3.565900000000000000e+04 4.899999999999999911e-01 5.999999999999999778e-02
2.540000000000000000e+02 3.061179999999999927e+04 9.603000000000000114e+01 2.000000000000000042e-02 3.135900000000000000e+04 4.899999999999999911e-01 8.999999999999999667e-02
2.430000000000000000e+02 2.756200000000000000e+04 9.451999999999999602e+01 2.999999999999999889e-02 2.849800000000000000e+04 4.899999999999999911e-01 1.499999999999999944e-01
3.540000000000000000e+02 5.988540000000000146e+04 9.639000000000000057e+01 2.000000000000000042e-02 6.114200000000000000e+04 4.899999999999999911e-01 1.000000000000000056e-01
4.590000000000000000e+02 1.025080000000000000e+05 9.795000000000000284e+01 1.000000000000000021e-02 1.035900000000000000e+05 4.899999999999999911e-01 8.000000000000000167e-02
3.320000000000000000e+02 5.121190000000000146e+04 9.376999999999999602e+01 2.999999999999999889e-02 5.330900000000000000e+04 4.899999999999999911e-01 1.600000000000000033e-01
3.810000000000000000e+02 7.073960000000000582e+04 9.823999999999999488e+01 1.000000000000000021e-02 7.141600000000000000e+04 5.000000000000000000e-01 4.000000000000000083e-02
8.100000000000000000e+01 2.684159999999999854e+03 8.493999999999999773e+01 1.300000000000000044e-01 2.834000000000000000e+03 4.500000000000000111e-01 5.200000000000000178e-01
5.630000000000000000e+02 1.535820000000000000e+05 9.743000000000000682e+01 1.000000000000000021e-02 1.560350000000000000e+05 4.899999999999999911e-01 8.000000000000000167e-02
1.270000000000000000e+02 7.633000000000000000e+03 9.693000000000000682e+01 2.999999999999999889e-02 7.743000000000000000e+03 4.899999999999999911e-01 8.000000000000000167e-02
9.500000000000000000e+01 4.143029999999999745e+03 9.478000000000000114e+01 5.000000000000000278e-02 4.239000000000000000e+03 4.799999999999999822e-01 1.600000000000000033e-01
3.260000000000000000e+02 5.011290000000000146e+04 9.518000000000000682e+01 2.000000000000000042e-02 5.170600000000000000e+04 4.899999999999999911e-01 1.100000000000000006e-01
2.890000000000000000e+02 3.838150000000000000e+04 9.287000000000000455e+01 2.999999999999999889e-02 4.032900000000000000e+04 4.899999999999999911e-01 1.499999999999999944e-01
1.300000000000000000e+02 7.666670000000000073e+03 9.285999999999999943e+01 5.000000000000000278e-02 7.938000000000000000e+03 4.799999999999999822e-01 2.200000000000000011e-01
5.840000000000000000e+02 1.640310000000000000e+05 9.668999999999999773e+01 2.000000000000000042e-02 1.674990000000000000e+05 4.899999999999999911e-01 1.199999999999999956e-01
2.410000000000000000e+02 2.803070000000000073e+04 9.773999999999999488e+01 2.000000000000000042e-02 2.831400000000000000e+04 4.899999999999999911e-01 7.000000000000000666e-02
8.260000000000000000e+02 3.382680000000000000e+05 9.951999999999999602e+01 0.000000000000000000e+00 3.390270000000000000e+05 5.000000000000000000e-01 1.000000000000000021e-02
2.780000000000000000e+02 3.627600000000000000e+04 9.490000000000000568e+01 2.999999999999999889e-02 3.735700000000000000e+04 4.899999999999999911e-01 1.600000000000000033e-01
3.290000000000000000e+02 4.945469999999999709e+04 9.221999999999999886e+01 2.999999999999999889e-02 5.228200000000000000e+04 4.899999999999999911e-01 1.700000000000000122e-01
3.170000000000000000e+02 4.422890000000000146e+04 8.887000000000000455e+01 2.999999999999999889e-02 4.836000000000000000e+04 4.899999999999999911e-01 1.700000000000000122e-01
2.230000000000000000e+02 2.124100000000000000e+04 8.659000000000000341e+01 5.999999999999999778e-02 2.338300000000000000e+04 4.799999999999999822e-01 3.099999999999999978e-01
8.220000000000000000e+02 3.259500000000000000e+05 9.682999999999999829e+01 1.000000000000000021e-02 3.336950000000000000e+05 5.000000000000000000e-01 7.000000000000000666e-02
2.780000000000000000e+02 2.796770000000000073e+04 7.315999999999999659e+01 4.000000000000000083e-02 3.678600000000000000e+04 4.799999999999999822e-01 2.099999999999999922e-01
6.540000000000000000e+02 2.077920000000000000e+05 9.760999999999999943e+01 1.000000000000000021e-02 2.107970000000000000e+05 5.000000000000000000e-01 8.000000000000000167e-02
6.890000000000000000e+02 2.330030000000000000e+05 9.859000000000000341e+01 1.000000000000000021e-02 2.351270000000000000e+05 5.000000000000000000e-01 2.999999999999999889e-02
3.220000000000000000e+02 4.927400000000000000e+04 9.593999999999999773e+01 2.000000000000000042e-02 5.046600000000000000e+04 4.899999999999999911e-01 1.199999999999999956e-01
2.510000000000000000e+02 3.006150000000000000e+04 9.657999999999999829e+01 2.000000000000000042e-02 3.061600000000000000e+04 4.899999999999999911e-01 1.100000000000000006e-01
3.350000000000000000e+02 5.400480000000000291e+04 9.710999999999999943e+01 2.000000000000000042e-02 5.483800000000000000e+04 4.899999999999999911e-01 8.999999999999999667e-02
2.850000000000000000e+02 3.945159999999999854e+04 9.817000000000000171e+01 2.000000000000000042e-02 3.985600000000000000e+04 5.000000000000000000e-01 4.000000000000000083e-02
3.670000000000000000e+02 4.619359999999999854e+04 6.915999999999999659e+01 5.999999999999999778e-02 6.294000000000000000e+04 4.699999999999999734e-01 3.300000000000000155e-01
7.000000000000000000e+01 1.969990000000000009e+03 8.396999999999999886e+01 1.000000000000000056e-01 2.172000000000000000e+03 4.600000000000000200e-01 2.899999999999999800e-01
1.440000000000000000e+02 6.219199999999999818e+03 6.125000000000000000e+01 1.499999999999999944e-01 8.791000000000000000e+03 4.299999999999999933e-01 4.799999999999999822e-01
4.150000000000000000e+02 8.462110000000000582e+04 9.898000000000000398e+01 1.000000000000000021e-02 8.496900000000000000e+04 5.000000000000000000e-01 4.000000000000000083e-02
2.580000000000000000e+02 2.926079999999999927e+04 8.895000000000000284e+01 7.000000000000000666e-02 3.087900000000000000e+04 4.699999999999999734e-01 4.600000000000000200e-01
3.800000000000000000e+01 6.481699999999999591e+02 9.731999999999999318e+01 7.000000000000000666e-02 6.530000000000000000e+02 4.899999999999999911e-01 5.999999999999999778e-02
1.450000000000000000e+02 9.755340000000000146e+03 9.475000000000000000e+01 4.000000000000000083e-02 1.004200000000000000e+04 4.899999999999999911e-01 1.400000000000000133e-01
4.780000000000000000e+02 1.118850000000000000e+05 9.854999999999999716e+01 1.000000000000000021e-02 1.132100000000000000e+05 5.000000000000000000e-01 2.000000000000000042e-02
3.130000000000000000e+02 4.565600000000000000e+04 9.410999999999999943e+01 2.999999999999999889e-02 4.752700000000000000e+04 4.899999999999999911e-01 1.300000000000000044e-01
