4.450000000000000178e+00 2.500000000000000000e+00 3.049999999999999822e+00 3.649999999999999911e+00 3.899999999999999911e+00
2.850000000000000089e+00 3.000000000000000000e+00 3.000000000000000000e+00 2.950000000000000178e+00 3.000000000000000000e+00
5.000000000000000000e+00 1.750000000000000000e+00 3.000000000000000000e+00 3.500000000000000000e+00 3.500000000000000000e+00
4.200000000000000178e+00 1.550000000000000044e+00 4.950000000000000178e+00 3.399999999999999911e+00 4.650000000000000355e+00
4.379999999999999893e+00 2.379999999999999893e+00 4.000000000000000000e+00 3.250000000000000000e+00 2.629999999999999893e+00
2.629999999999999893e+00 4.750000000000000000e+00 2.250000000000000000e+00 3.629999999999999893e+00 4.250000000000000000e+00
3.350000000000000089e+00 2.049999999999999822e+00 3.000000000000000000e+00 3.850000000000000089e+00 4.500000000000000000e+00
4.000000000000000000e+00 2.500000000000000000e+00 4.500000000000000000e+00 3.750000000000000000e+00 5.000000000000000000e+00
4.549999999999999822e+00 2.149999999999999911e+00 3.250000000000000000e+00 3.200000000000000178e+00 4.900000000000000355e+00
4.099999999999999645e+00 1.780000000000000027e+00 3.299999999999999822e+00 4.299999999999999822e+00 4.700000000000000178e+00
3.250000000000000000e+00 3.750000000000000000e+00 1.750000000000000000e+00 4.000000000000000000e+00 3.500000000000000000e+00
3.350000000000000089e+00 2.350000000000000089e+00 2.850000000000000089e+00 3.200000000000000178e+00 3.700000000000000178e+00
2.200000000000000178e+00 3.250000000000000000e+00 4.150000000000000355e+00 2.600000000000000089e+00 4.400000000000000355e+00
3.500000000000000000e+00 2.000000000000000000e+00 3.899999999999999911e+00 4.500000000000000000e+00 3.899999999999999911e+00
3.500000000000000000e+00 1.889999999999999902e+00 4.099999999999999645e+00 3.200000000000000178e+00 4.299999999999999822e+00
3.250000000000000000e+00 2.250000000000000000e+00 4.750000000000000000e+00 4.250000000000000000e+00 4.250000000000000000e+00
3.500000000000000000e+00 1.600000000000000089e+00 3.750000000000000000e+00 3.950000000000000178e+00 4.000000000000000000e+00
1.699999999999999956e+00 4.700000000000000178e+00 1.949999999999999956e+00 4.049999999999999822e+00 3.600000000000000089e+00
2.149999999999999911e+00 3.100000000000000089e+00 3.799999999999999822e+00 2.799999999999999822e+00 3.850000000000000089e+00
1.949999999999999956e+00 2.399999999999999911e+00 3.799999999999999822e+00 2.799999999999999822e+00 2.700000000000000178e+00
3.750000000000000000e+00 2.500000000000000000e+00 4.000000000000000000e+00 4.750000000000000000e+00 4.500000000000000000e+00
3.149999999999999911e+00 3.600000000000000089e+00 3.399999999999999911e+00 2.200000000000000178e+00 4.250000000000000000e+00
1.550000000000000044e+00 2.450000000000000178e+00 3.500000000000000000e+00 3.399999999999999911e+00 4.500000000000000000e+00
2.450000000000000178e+00 2.950000000000000178e+00 3.299999999999999822e+00 3.549999999999999822e+00 4.599999999999999645e+00
3.899999999999999911e+00 1.699999999999999956e+00 4.200000000000000178e+00 4.599999999999999645e+00 4.700000000000000178e+00
4.129999999999999893e+00 1.429999999999999938e+00 4.500000000000000000e+00 3.500000000000000000e+00 4.129999999999999893e+00
4.599999999999999645e+00 1.600000000000000089e+00 4.299999999999999822e+00 4.700000000000000178e+00 4.500000000000000000e+00
4.500000000000000000e+00 1.550000000000000044e+00 3.850000000000000089e+00 2.600000000000000089e+00 3.950000000000000178e+00
1.350000000000000089e+00 4.750000000000000000e+00 2.850000000000000089e+00 4.549999999999999822e+00 4.400000000000000355e+00
2.149999999999999911e+00 2.149999999999999911e+00 4.099999999999999645e+00 2.899999999999999911e+00 4.599999999999999645e+00
3.399999999999999911e+00 2.850000000000000089e+00 3.799999999999999822e+00 3.200000000000000178e+00 3.649999999999999911e+00
4.750000000000000000e+00 4.250000000000000000e+00 3.750000000000000000e+00 3.500000000000000000e+00 5.000000000000000000e+00
3.299999999999999822e+00 2.799999999999999822e+00 3.350000000000000089e+00 4.250000000000000000e+00 3.500000000000000000e+00
2.399999999999999911e+00 3.049999999999999822e+00 4.099999999999999645e+00 3.000000000000000000e+00 4.099999999999999645e+00
2.750000000000000000e+00 2.500000000000000000e+00 4.000000000000000000e+00 3.000000000000000000e+00 4.750000000000000000e+00
3.000000000000000000e+00 2.750000000000000000e+00 3.750000000000000000e+00 3.750000000000000000e+00 3.500000000000000000e+00
3.149999999999999911e+00 1.899999999999999911e+00 4.150000000000000355e+00 4.000000000000000000e+00 3.549999999999999822e+00
1.899999999999999911e+00 2.700000000000000178e+00 4.099999999999999645e+00 4.200000000000000178e+00 4.450000000000000178e+00
3.750000000000000000e+00 2.350000000000000089e+00 3.700000000000000178e+00 4.000000000000000000e+00 4.200000000000000178e+00
3.799999999999999822e+00 3.000000000000000000e+00 3.939999999999999947e+00 3.100000000000000089e+00 4.750000000000000000e+00
3.500000000000000000e+00 2.299999999999999822e+00 3.950000000000000178e+00 4.799999999999999822e+00 4.549999999999999822e+00
2.549999999999999822e+00 1.399999999999999911e+00 4.250000000000000000e+00 3.899999999999999911e+00 4.150000000000000355e+00
3.799999999999999822e+00 1.850000000000000089e+00 3.350000000000000089e+00 3.000000000000000000e+00 4.950000000000000178e+00
1.750000000000000000e+00 3.600000000000000089e+00 3.600000000000000089e+00 2.100000000000000089e+00 3.850000000000000089e+00
3.000000000000000000e+00 2.500000000000000000e+00 4.000000000000000000e+00 3.500000000000000000e+00 3.750000000000000000e+00
3.700000000000000178e+00 1.750000000000000000e+00 4.000000000000000000e+00 3.750000000000000000e+00 4.500000000000000000e+00
2.700000000000000178e+00 1.449999999999999956e+00 3.799999999999999822e+00 4.349999999999999645e+00 3.299999999999999822e+00
4.150000000000000355e+00 3.100000000000000089e+00 3.200000000000000178e+00 3.600000000000000089e+00 3.799999999999999822e+00
4.500000000000000000e+00 4.000000000000000000e+00 3.000000000000000000e+00 4.500000000000000000e+00 3.750000000000000000e+00
4.000000000000000000e+00 2.169999999999999929e+00 4.830000000000000071e+00 3.169999999999999929e+00 5.000000000000000000e+00
3.129999999999999893e+00 1.560000000000000053e+00 4.379999999999999893e+00 3.879999999999999893e+00 3.500000000000000000e+00
2.350000000000000089e+00 2.850000000000000089e+00 3.399999999999999911e+00 2.549999999999999822e+00 4.799999999999999822e+00
3.549999999999999822e+00 2.299999999999999822e+00 3.649999999999999911e+00 4.650000000000000355e+00 4.599999999999999645e+00
3.750000000000000000e+00 2.000000000000000000e+00 5.000000000000000000e+00 4.250000000000000000e+00 4.500000000000000000e+00
3.649999999999999911e+00 3.149999999999999911e+00 3.450000000000000178e+00 2.350000000000000089e+00 4.500000000000000000e+00
3.200000000000000178e+00 3.600000000000000089e+00 3.850000000000000089e+00 4.349999999999999645e+00 4.799999999999999822e+00
4.500000000000000000e+00 2.250000000000000000e+00 4.500000000000000000e+00 5.000000000000000000e+00 3.500000000000000000e+00
4.500000000000000000e+00 3.000000000000000000e+00 2.250000000000000000e+00 5.000000000000000000e+00 4.750000000000000000e+00
2.750000000000000000e+00 3.500000000000000000e+00 3.000000000000000000e+00 3.250000000000000000e+00 4.500000000000000000e+00
2.500000000000000000e+00 2.000000000000000000e+00 3.000000000000000000e+00 4.250000000000000000e+00 2.500000000000000000e+00
4.500000000000000000e+00 2.250000000000000000e+00 3.500000000000000000e+00 3.250000000000000000e+00 3.750000000000000000e+00
3.680000000000000160e+00 2.450000000000000178e+00 4.349999999999999645e+00 4.049999999999999822e+00 4.400000000000000355e+00
1.899999999999999911e+00 4.150000000000000355e+00 3.149999999999999911e+00 4.650000000000000355e+00 3.450000000000000178e+00
4.700000000000000178e+00 1.550000000000000044e+00 3.700000000000000178e+00 4.400000000000000355e+00 4.900000000000000355e+00
4.049999999999999822e+00 1.750000000000000000e+00 4.299999999999999822e+00 4.049999999999999822e+00 3.750000000000000000e+00
4.000000000000000000e+00 4.000000000000000000e+00 2.250000000000000000e+00 4.500000000000000000e+00 3.250000000000000000e+00
3.450000000000000178e+00 1.500000000000000000e+00 2.399999999999999911e+00 4.549999999999999822e+00 4.700000000000000178e+00
1.750000000000000000e+00 3.399999999999999911e+00 3.200000000000000178e+00 2.600000000000000089e+00 4.299999999999999822e+00
3.200000000000000178e+00 3.299999999999999822e+00 4.549999999999999822e+00 3.200000000000000178e+00 4.450000000000000178e+00
3.399999999999999911e+00 2.799999999999999822e+00 3.049999999999999822e+00 3.049999999999999822e+00 4.349999999999999645e+00
3.649999999999999911e+00 2.000000000000000000e+00 4.250000000000000000e+00 3.049999999999999822e+00 4.700000000000000178e+00
3.000000000000000000e+00 2.500000000000000000e+00 3.750000000000000000e+00 4.250000000000000000e+00 4.000000000000000000e+00
4.750000000000000000e+00 2.669999999999999929e+00 4.750000000000000000e+00 3.669999999999999929e+00 4.500000000000000000e+00
2.500000000000000000e+00 3.000000000000000000e+00 4.000000000000000000e+00 3.000000000000000000e+00 4.000000000000000000e+00
4.500000000000000000e+00 2.750000000000000000e+00 3.250000000000000000e+00 2.750000000000000000e+00 3.750000000000000000e+00
3.600000000000000089e+00 1.949999999999999956e+00 4.200000000000000178e+00 3.600000000000000089e+00 4.799999999999999822e+00
2.700000000000000178e+00 2.100000000000000089e+00 3.850000000000000089e+00 3.649999999999999911e+00 4.700000000000000178e+00
3.700000000000000178e+00 2.899999999999999911e+00 3.399999999999999911e+00 3.350000000000000089e+00 4.049999999999999822e+00
2.649999999999999911e+00 2.799999999999999822e+00 3.350000000000000089e+00 3.450000000000000178e+00 4.349999999999999645e+00
3.000000000000000000e+00 3.149999999999999911e+00 2.950000000000000178e+00 3.549999999999999822e+00 4.799999999999999822e+00
3.600000000000000089e+00 1.500000000000000000e+00 3.450000000000000178e+00 2.899999999999999911e+00 4.349999999999999645e+00
4.349999999999999645e+00 1.699999999999999956e+00 4.750000000000000000e+00 3.549999999999999822e+00 4.700000000000000178e+00
2.000000000000000000e+00 4.000000000000000000e+00 3.750000000000000000e+00 4.000000000000000000e+00 4.250000000000000000e+00
2.399999999999999911e+00 4.750000000000000000e+00 3.200000000000000178e+00 2.600000000000000089e+00 3.750000000000000000e+00
4.500000000000000000e+00 4.000000000000000000e+00 4.000000000000000000e+00 2.000000000000000000e+00 2.250000000000000000e+00
2.750000000000000000e+00 3.750000000000000000e+00 3.750000000000000000e+00 4.750000000000000000e+00 4.250000000000000000e+00
1.600000000000000089e+00 3.049999999999999822e+00 3.000000000000000000e+00 2.899999999999999911e+00 3.450000000000000178e+00
3.250000000000000000e+00 1.949999999999999956e+00 3.799999999999999822e+00 4.250000000000000000e+00 4.299999999999999822e+00
2.600000000000000089e+00 3.899999999999999911e+00 4.200000000000000178e+00 2.049999999999999822e+00 4.700000000000000178e+00
2.049999999999999822e+00 4.000000000000000000e+00 2.200000000000000178e+00 2.200000000000000178e+00 3.750000000000000000e+00
2.950000000000000178e+00 3.149999999999999911e+00 3.899999999999999911e+00 4.000000000000000000e+00 3.899999999999999911e+00
3.100000000000000089e+00 2.000000000000000000e+00 3.250000000000000000e+00 3.899999999999999911e+00 4.599999999999999645e+00
4.599999999999999645e+00 3.049999999999999822e+00 2.500000000000000000e+00 3.750000000000000000e+00 4.549999999999999822e+00
3.700000000000000178e+00 2.500000000000000000e+00 4.200000000000000178e+00 4.099999999999999645e+00 3.600000000000000089e+00
3.549999999999999822e+00 1.399999999999999911e+00 4.450000000000000178e+00 4.150000000000000355e+00 4.799999999999999822e+00
3.000000000000000000e+00 1.850000000000000089e+00 4.099999999999999645e+00 3.700000000000000178e+00 3.950000000000000178e+00
3.000000000000000000e+00 1.750000000000000000e+00 4.000000000000000000e+00 4.250000000000000000e+00 3.250000000000000000e+00
1.850000000000000089e+00 3.549999999999999822e+00 3.450000000000000178e+00 3.399999999999999911e+00 3.450000000000000178e+00
4.650000000000000355e+00 2.200000000000000178e+00 3.700000000000000178e+00 2.100000000000000089e+00 3.850000000000000089e+00
2.350000000000000089e+00 2.149999999999999911e+00 4.250000000000000000e+00 3.899999999999999911e+00 3.649999999999999911e+00
2.799999999999999822e+00 1.600000000000000089e+00 3.649999999999999911e+00 3.250000000000000000e+00 4.150000000000000355e+00
3.649999999999999911e+00 2.549999999999999822e+00 4.200000000000000178e+00 3.450000000000000178e+00 4.549999999999999822e+00
2.549999999999999822e+00 2.850000000000000089e+00 3.899999999999999911e+00 2.500000000000000000e+00 4.400000000000000355e+00
2.799999999999999822e+00 3.850000000000000089e+00 3.250000000000000000e+00 3.100000000000000089e+00 4.200000000000000178e+00
3.250000000000000000e+00 3.000000000000000000e+00 3.500000000000000000e+00 4.500000000000000000e+00 4.250000000000000000e+00
2.750000000000000000e+00 3.250000000000000000e+00 2.500000000000000000e+00 4.000000000000000000e+00 4.650000000000000355e+00
2.700000000000000178e+00 3.649999999999999911e+00 3.399999999999999911e+00 3.100000000000000089e+00 4.419999999999999929e+00
4.950000000000000178e+00 1.649999999999999911e+00 3.399999999999999911e+00 3.750000000000000000e+00 4.549999999999999822e+00
3.200000000000000178e+00 1.850000000000000089e+00 3.850000000000000089e+00 3.149999999999999911e+00 4.250000000000000000e+00
3.549999999999999822e+00 2.250000000000000000e+00 3.899999999999999911e+00 2.799999999999999822e+00 4.000000000000000000e+00
2.100000000000000089e+00 2.700000000000000178e+00 3.399999999999999911e+00 2.049999999999999822e+00 3.649999999999999911e+00
4.500000000000000000e+00 2.250000000000000000e+00 3.750000000000000000e+00 2.250000000000000000e+00 4.000000000000000000e+00
2.000000000000000000e+00 2.649999999999999911e+00 3.950000000000000178e+00 2.799999999999999822e+00 2.649999999999999911e+00
3.700000000000000178e+00 3.700000000000000178e+00 3.649999999999999911e+00 1.949999999999999956e+00 4.839999999999999858e+00
3.649999999999999911e+00 2.700000000000000178e+00 3.100000000000000089e+00 3.250000000000000000e+00 2.700000000000000178e+00
4.250000000000000000e+00 3.000000000000000000e+00 3.250000000000000000e+00 3.500000000000000000e+00 4.000000000000000000e+00
4.250000000000000000e+00 1.750000000000000000e+00 5.000000000000000000e+00 4.250000000000000000e+00 3.500000000000000000e+00
2.899999999999999911e+00 2.200000000000000178e+00 3.049999999999999822e+00 3.899999999999999911e+00 4.099999999999999645e+00
3.299999999999999822e+00 1.500000000000000000e+00 4.200000000000000178e+00 3.149999999999999911e+00 4.599999999999999645e+00
3.250000000000000000e+00 2.100000000000000089e+00 3.299999999999999822e+00 2.649999999999999911e+00 4.450000000000000178e+00
3.600000000000000089e+00 2.799999999999999822e+00 3.649999999999999911e+00 3.450000000000000178e+00 4.049999999999999822e+00
3.250000000000000000e+00 4.250000000000000000e+00 2.750000000000000000e+00 2.000000000000000000e+00 3.750000000000000000e+00
2.750000000000000000e+00 2.500000000000000000e+00 3.500000000000000000e+00 3.750000000000000000e+00 3.500000000000000000e+00
3.250000000000000000e+00 2.750000000000000000e+00 2.250000000000000000e+00 4.000000000000000000e+00 4.000000000000000000e+00
2.299999999999999822e+00 3.500000000000000000e+00 4.500000000000000000e+00 2.850000000000000089e+00 4.500000000000000000e+00
2.899999999999999911e+00 2.649999999999999911e+00 3.450000000000000178e+00 3.450000000000000178e+00 4.000000000000000000e+00
3.399999999999999911e+00 3.850000000000000089e+00 4.500000000000000000e+00 2.950000000000000178e+00 3.750000000000000000e+00
4.750000000000000000e+00 3.000000000000000000e+00 2.750000000000000000e+00 4.500000000000000000e+00 4.750000000000000000e+00
2.250000000000000000e+00 3.500000000000000000e+00 3.250000000000000000e+00 2.750000000000000000e+00 2.250000000000000000e+00
2.850000000000000089e+00 2.350000000000000089e+00 3.350000000000000089e+00 4.700000000000000178e+00 3.350000000000000089e+00
4.150000000000000355e+00 2.000000000000000000e+00 3.750000000000000000e+00 4.099999999999999645e+00 3.950000000000000178e+00
2.250000000000000000e+00 2.750000000000000000e+00 3.250000000000000000e+00 3.500000000000000000e+00 4.500000000000000000e+00
1.330000000000000071e+00 2.580000000000000071e+00 2.500000000000000000e+00 3.830000000000000071e+00 3.500000000000000000e+00
2.500000000000000000e+00 3.500000000000000000e+00 3.750000000000000000e+00 3.000000000000000000e+00 4.500000000000000000e+00
4.250000000000000000e+00 2.000000000000000000e+00 3.250000000000000000e+00 4.750000000000000000e+00 3.500000000000000000e+00
1.399999999999999911e+00 4.049999999999999822e+00 3.299999999999999822e+00 3.399999999999999911e+00 3.950000000000000178e+00
2.799999999999999822e+00 3.149999999999999911e+00 3.649999999999999911e+00 3.450000000000000178e+00 4.349999999999999645e+00
3.700000000000000178e+00 2.200000000000000178e+00 2.950000000000000178e+00 3.450000000000000178e+00 4.400000000000000355e+00
3.750000000000000000e+00 2.000000000000000000e+00 4.500000000000000000e+00 4.000000000000000000e+00 3.750000000000000000e+00
2.750000000000000000e+00 3.250000000000000000e+00 2.000000000000000000e+00 4.500000000000000000e+00 3.500000000000000000e+00
2.250000000000000000e+00 2.750000000000000000e+00 4.500000000000000000e+00 4.250000000000000000e+00 2.500000000000000000e+00
1.750000000000000000e+00 3.250000000000000000e+00 2.399999999999999911e+00 3.049999999999999822e+00 3.049999999999999822e+00
3.000000000000000000e+00 1.750000000000000000e+00 4.000000000000000000e+00 4.750000000000000000e+00 4.000000000000000000e+00
3.500000000000000000e+00 2.549999999999999822e+00 4.750000000000000000e+00 2.899999999999999911e+00 4.700000000000000178e+00
3.350000000000000089e+00 2.299999999999999822e+00 4.099999999999999645e+00 2.399999999999999911e+00 4.500000000000000000e+00
1.750000000000000000e+00 3.750000000000000000e+00 2.500000000000000000e+00 1.500000000000000000e+00 3.500000000000000000e+00
3.399999999999999911e+00 1.679999999999999938e+00 4.530000000000000249e+00 3.500000000000000000e+00 4.799999999999999822e+00
2.500000000000000000e+00 2.450000000000000178e+00 3.169999999999999929e+00 3.750000000000000000e+00 3.250000000000000000e+00
4.150000000000000355e+00 2.250000000000000000e+00 4.299999999999999822e+00 3.649999999999999911e+00 4.650000000000000355e+00
3.399999999999999911e+00 1.550000000000000044e+00 3.350000000000000089e+00 4.250000000000000000e+00 3.750000000000000000e+00
2.899999999999999911e+00 2.450000000000000178e+00 3.850000000000000089e+00 3.100000000000000089e+00 3.899999999999999911e+00
3.350000000000000089e+00 2.750000000000000000e+00 2.850000000000000089e+00 3.100000000000000089e+00 4.150000000000000355e+00
3.250000000000000000e+00 2.799999999999999822e+00 4.049999999999999822e+00 3.399999999999999911e+00 4.349999999999999645e+00
2.450000000000000178e+00 4.000000000000000000e+00 2.850000000000000089e+00 2.350000000000000089e+00 4.099999999999999645e+00
2.649999999999999911e+00 1.699999999999999956e+00 3.950000000000000178e+00 3.000000000000000000e+00 3.149999999999999911e+00
2.600000000000000089e+00 3.600000000000000089e+00 2.850000000000000089e+00 2.899999999999999911e+00 3.549999999999999822e+00
3.500000000000000000e+00 2.399999999999999911e+00 3.350000000000000089e+00 3.450000000000000178e+00 4.599999999999999645e+00
4.500000000000000000e+00 2.750000000000000000e+00 2.500000000000000000e+00 3.500000000000000000e+00 4.250000000000000000e+00
3.169999999999999929e+00 1.500000000000000000e+00 4.830000000000000071e+00 2.500000000000000000e+00 4.330000000000000071e+00
3.250000000000000000e+00 3.250000000000000000e+00 3.750000000000000000e+00 4.250000000000000000e+00 3.500000000000000000e+00
4.299999999999999822e+00 1.449999999999999956e+00 4.400000000000000355e+00 2.399999999999999911e+00 4.599999999999999645e+00
2.450000000000000178e+00 2.700000000000000178e+00 3.100000000000000089e+00 4.000000000000000000e+00 4.299999999999999822e+00
1.800000000000000044e+00 2.250000000000000000e+00 2.649999999999999911e+00 4.750000000000000000e+00 4.799999999999999822e+00
4.500000000000000000e+00 1.750000000000000000e+00 4.500000000000000000e+00 4.750000000000000000e+00 4.750000000000000000e+00
3.250000000000000000e+00 1.750000000000000000e+00 3.750000000000000000e+00 4.750000000000000000e+00 4.250000000000000000e+00
3.399999999999999911e+00 2.850000000000000089e+00 4.450000000000000178e+00 3.209999999999999964e+00 3.950000000000000178e+00
4.299999999999999822e+00 2.149999999999999911e+00 3.600000000000000089e+00 3.299999999999999822e+00 4.099999999999999645e+00
3.839999999999999858e+00 2.600000000000000089e+00 3.750000000000000000e+00 4.000000000000000000e+00 4.150000000000000355e+00
2.700000000000000178e+00 3.049999999999999822e+00 1.649999999999999911e+00 1.550000000000000044e+00 3.649999999999999911e+00
4.049999999999999822e+00 3.350000000000000089e+00 3.799999999999999822e+00 3.950000000000000178e+00 4.500000000000000000e+00
1.800000000000000044e+00 2.899999999999999911e+00 2.899999999999999911e+00 3.000000000000000000e+00 4.200000000000000178e+00
3.600000000000000089e+00 1.840000000000000080e+00 3.149999999999999911e+00 3.250000000000000000e+00 3.700000000000000178e+00
2.649999999999999911e+00 2.750000000000000000e+00 4.650000000000000355e+00 3.100000000000000089e+00 3.700000000000000178e+00
3.700000000000000178e+00 3.149999999999999911e+00 4.299999999999999822e+00 3.750000000000000000e+00 3.850000000000000089e+00
2.649999999999999911e+00 3.000000000000000000e+00 3.149999999999999911e+00 3.250000000000000000e+00 4.400000000000000355e+00
2.709999999999999964e+00 3.569999999999999840e+00 3.140000000000000124e+00 3.640000000000000124e+00 3.569999999999999840e+00
3.500000000000000000e+00 1.750000000000000000e+00 4.750000000000000000e+00 3.000000000000000000e+00 4.250000000000000000e+00
4.750000000000000000e+00 2.750000000000000000e+00 3.000000000000000000e+00 3.250000000000000000e+00 2.750000000000000000e+00
2.350000000000000089e+00 3.049999999999999822e+00 3.399999999999999911e+00 1.449999999999999956e+00 2.850000000000000089e+00
3.000000000000000000e+00 2.750000000000000000e+00 4.000000000000000000e+00 3.250000000000000000e+00 4.330000000000000071e+00
4.599999999999999645e+00 1.600000000000000089e+00 4.099999999999999645e+00 3.899999999999999911e+00 4.900000000000000355e+00
4.049999999999999822e+00 1.350000000000000089e+00 3.850000000000000089e+00 3.500000000000000000e+00 4.799999999999999822e+00
1.800000000000000044e+00 3.000000000000000000e+00 2.450000000000000178e+00 3.750000000000000000e+00 2.850000000000000089e+00
4.750000000000000000e+00 1.500000000000000000e+00 4.500000000000000000e+00 3.250000000000000000e+00 3.500000000000000000e+00
3.299999999999999822e+00 2.850000000000000089e+00 4.200000000000000178e+00 3.399999999999999911e+00 4.750000000000000000e+00
4.000000000000000000e+00 1.949999999999999956e+00 4.250000000000000000e+00 3.549999999999999822e+00 3.450000000000000178e+00
4.000000000000000000e+00 3.250000000000000000e+00 3.500000000000000000e+00 4.250000000000000000e+00 5.000000000000000000e+00
2.379999999999999893e+00 3.250000000000000000e+00 3.379999999999999893e+00 3.250000000000000000e+00 3.379999999999999893e+00
4.750000000000000000e+00 2.500000000000000000e+00 2.750000000000000000e+00 4.250000000000000000e+00 4.250000000000000000e+00
2.899999999999999911e+00 3.350000000000000089e+00 2.799999999999999822e+00 3.000000000000000000e+00 3.950000000000000178e+00
4.250000000000000000e+00 1.750000000000000000e+00 4.750000000000000000e+00 5.000000000000000000e+00 4.000000000000000000e+00
2.049999999999999822e+00 1.550000000000000044e+00 4.549999999999999822e+00 3.950000000000000178e+00 4.000000000000000000e+00
4.650000000000000355e+00 3.200000000000000178e+00 3.049999999999999822e+00 3.649999999999999911e+00 4.750000000000000000e+00
3.399999999999999911e+00 2.200000000000000178e+00 3.750000000000000000e+00 3.250000000000000000e+00 3.470000000000000195e+00
4.000000000000000000e+00 2.750000000000000000e+00 3.669999999999999929e+00 4.250000000000000000e+00 4.500000000000000000e+00
2.600000000000000089e+00 2.649999999999999911e+00 2.100000000000000089e+00 2.200000000000000178e+00 3.500000000000000000e+00
3.450000000000000178e+00 2.850000000000000089e+00 2.799999999999999822e+00 2.700000000000000178e+00 4.150000000000000355e+00
4.000000000000000000e+00 1.649999999999999911e+00 3.100000000000000089e+00 3.100000000000000089e+00 4.500000000000000000e+00
3.299999999999999822e+00 3.299999999999999822e+00 2.299999999999999822e+00 3.890000000000000124e+00 4.150000000000000355e+00
3.700000000000000178e+00 2.250000000000000000e+00 3.299999999999999822e+00 3.700000000000000178e+00 4.049999999999999822e+00
2.350000000000000089e+00 2.100000000000000089e+00 4.150000000000000355e+00 3.750000000000000000e+00 4.799999999999999822e+00
4.349999999999999645e+00 2.500000000000000000e+00 4.200000000000000178e+00 3.299999999999999822e+00 3.609999999999999876e+00
3.200000000000000178e+00 2.899999999999999911e+00 3.250000000000000000e+00 2.700000000000000178e+00 4.049999999999999822e+00
3.600000000000000089e+00 2.549999999999999822e+00 3.700000000000000178e+00 4.799999999999999822e+00 4.450000000000000178e+00
3.450000000000000178e+00 1.649999999999999911e+00 4.549999999999999822e+00 3.500000000000000000e+00 4.650000000000000355e+00
4.250000000000000000e+00 2.500000000000000000e+00 3.250000000000000000e+00 4.250000000000000000e+00 4.500000000000000000e+00
2.100000000000000089e+00 3.000000000000000000e+00 3.899999999999999911e+00 4.150000000000000355e+00 4.799999999999999822e+00
2.450000000000000178e+00 3.250000000000000000e+00 2.500000000000000000e+00 3.299999999999999822e+00 4.200000000000000178e+00
4.500000000000000000e+00 2.750000000000000000e+00 4.250000000000000000e+00 5.000000000000000000e+00 4.750000000000000000e+00
2.850000000000000089e+00 3.200000000000000178e+00 2.850000000000000089e+00 4.099999999999999645e+00 4.700000000000000178e+00
4.200000000000000178e+00 2.330000000000000071e+00 3.169999999999999929e+00 3.000000000000000000e+00 4.169999999999999929e+00
3.750000000000000000e+00 2.049999999999999822e+00 3.549999999999999822e+00 3.950000000000000178e+00 3.799999999999999822e+00
2.750000000000000000e+00 3.649999999999999911e+00 3.850000000000000089e+00 3.100000000000000089e+00 3.799999999999999822e+00
4.549999999999999822e+00 2.200000000000000178e+00 3.299999999999999822e+00 3.899999999999999911e+00 3.649999999999999911e+00
3.500000000000000000e+00 3.250000000000000000e+00 3.250000000000000000e+00 3.000000000000000000e+00 3.750000000000000000e+00
2.899999999999999911e+00 3.750000000000000000e+00 3.149999999999999911e+00 3.350000000000000089e+00 4.750000000000000000e+00
3.000000000000000000e+00 2.750000000000000000e+00 3.750000000000000000e+00 5.000000000000000000e+00 2.250000000000000000e+00
4.200000000000000178e+00 2.600000000000000089e+00 3.950000000000000178e+00 3.250000000000000000e+00 5.000000000000000000e+00
3.299999999999999822e+00 1.899999999999999911e+00 3.649999999999999911e+00 3.500000000000000000e+00 4.049999999999999822e+00
2.549999999999999822e+00 2.649999999999999911e+00 4.000000000000000000e+00 2.950000000000000178e+00 4.049999999999999822e+00
4.049999999999999822e+00 2.399999999999999911e+00 3.799999999999999822e+00 3.000000000000000000e+00 4.849999999999999645e+00
2.149999999999999911e+00 1.600000000000000089e+00 4.599999999999999645e+00 4.200000000000000178e+00 4.049999999999999822e+00
3.450000000000000178e+00 2.549999999999999822e+00 3.149999999999999911e+00 3.500000000000000000e+00 2.899999999999999911e+00
5.000000000000000000e+00 2.750000000000000000e+00 4.500000000000000000e+00 3.000000000000000000e+00 4.250000000000000000e+00
4.750000000000000000e+00 1.250000000000000000e+00 3.500000000000000000e+00 3.250000000000000000e+00 3.500000000000000000e+00
2.450000000000000178e+00 3.149999999999999911e+00 3.049999999999999822e+00 4.099999999999999645e+00 4.549999999999999822e+00
3.839999999999999858e+00 3.549999999999999822e+00 2.850000000000000089e+00 4.320000000000000284e+00 3.450000000000000178e+00
4.000000000000000000e+00 1.500000000000000000e+00 4.349999999999999645e+00 3.899999999999999911e+00 4.799999999999999822e+00
4.500000000000000000e+00 1.500000000000000000e+00 3.250000000000000000e+00 3.500000000000000000e+00 4.750000000000000000e+00
3.750000000000000000e+00 2.250000000000000000e+00 4.500000000000000000e+00 3.750000000000000000e+00 4.250000000000000000e+00
4.000000000000000000e+00 3.750000000000000000e+00 3.250000000000000000e+00 2.000000000000000000e+00 3.750000000000000000e+00
4.250000000000000000e+00 1.550000000000000044e+00 4.450000000000000178e+00 4.349999999999999645e+00 3.799999999999999822e+00
1.500000000000000000e+00 3.799999999999999822e+00 4.150000000000000355e+00 3.049999999999999822e+00 3.950000000000000178e+00
4.500000000000000000e+00 4.250000000000000000e+00 3.000000000000000000e+00 3.000000000000000000e+00 4.000000000000000000e+00
3.399999999999999911e+00 2.450000000000000178e+00 3.950000000000000178e+00 3.850000000000000089e+00 4.450000000000000178e+00
4.330000000000000071e+00 2.169999999999999929e+00 3.169999999999999929e+00 4.169999999999999929e+00 4.830000000000000071e+00
2.950000000000000178e+00 1.500000000000000000e+00 3.000000000000000000e+00 3.399999999999999911e+00 4.299999999999999822e+00
3.649999999999999911e+00 1.629999999999999893e+00 2.750000000000000000e+00 4.450000000000000178e+00 3.399999999999999911e+00
3.750000000000000000e+00 3.250000000000000000e+00 4.500000000000000000e+00 5.000000000000000000e+00 4.000000000000000000e+00
3.250000000000000000e+00 3.129999999999999893e+00 4.250000000000000000e+00 5.000000000000000000e+00 3.629999999999999893e+00
2.450000000000000178e+00 4.000000000000000000e+00 3.799999999999999822e+00 2.799999999999999822e+00 4.250000000000000000e+00
3.049999999999999822e+00 2.200000000000000178e+00 3.950000000000000178e+00 2.950000000000000178e+00 4.000000000000000000e+00
2.750000000000000000e+00 2.799999999999999822e+00 3.250000000000000000e+00 2.500000000000000000e+00 4.349999999999999645e+00
3.049999999999999822e+00 1.800000000000000044e+00 3.350000000000000089e+00 2.950000000000000178e+00 4.349999999999999645e+00
1.949999999999999956e+00 3.450000000000000178e+00 3.049999999999999822e+00 2.500000000000000000e+00 3.950000000000000178e+00
2.750000000000000000e+00 2.649999999999999911e+00 3.500000000000000000e+00 4.099999999999999645e+00 4.150000000000000355e+00
2.250000000000000000e+00 3.450000000000000178e+00 2.799999999999999822e+00 2.700000000000000178e+00 3.850000000000000089e+00
4.330000000000000071e+00 2.000000000000000000e+00 4.169999999999999929e+00 3.669999999999999929e+00 4.400000000000000355e+00
2.899999999999999911e+00 1.850000000000000089e+00 4.000000000000000000e+00 3.299999999999999822e+00 3.850000000000000089e+00
2.399999999999999911e+00 3.750000000000000000e+00 2.950000000000000178e+00 3.100000000000000089e+00 3.750000000000000000e+00
