二蛋括弧笑 40 43 50 32 55
crank 33 50 50 50 50
Lynntsui 28 55 48 54 47 50
wyy兔子龟 59 37 45 38 41
niuerwq 55 48 45 44 48
JuanitaHHH 40 55 50 44 46
苏温儿swe 48 43 54 44 48
Minerwa_K 44 57 42 59 55
周揚-saise 44 43 59 47 50
popo-W-nono 66 65 42 54 50
monster_怪物 51 55 56 35 38
挡不住的曾杰 48 43 47 54 44
地上有个晓铿 66 43 54 44 50
Elenore_ 51 40 45 35 46
静纯儿 36 55 56 50 48
秘密 70 43 56 41 46
Hcosybud 21 55 54 44 38
once11hh 70 50 56 47 48
-Lanslot 51 48 54 62 61
Cola不加糖 48 43 56 47 44
郑郑郑菁菁 40 55 62 59 48
曾楚纯 44 50 47 44 46
喜欢吃鱼的喵呜 62 48 59 32 46
LMKIKI 59 50 56 47 44
Aqvdrt 62 43 45 44 48
承恩__ 51 33 54 54 52
芬纷扬杨 48 43 47 54 55
BIxBOBBY 33 57 47 68 61
一鸣儿儿 33 35 47 38 50
ffuyuw 48 43 54 27 41
-Liewkaily 44 57 59 65 41
彭彭嗯 59 55 50 55 44
Super大惠惠 25 50 45 65 55
树鹌鹑 40 55 50 47 46
mingchu_leung 59 43 59 38 46
jack 40 35 50 44 48
Mevis_colorful 33 57 42 65 59
香蕉大爷的拖拉机 44 48 47 54 61
Z_Hu1 33 57 40 50 59
LavenderXiaoyun 59 48 54 47 41
大眼忙内yo 48 52 56 41 38
Yvonne宇 51 52 56 47 50
不穿鞋的假发超人 51 48 59 50 41
Dawn_Tonghoeyin 29 50 54 55 46
苏苏苏 40 65 56 71 55
Mily_江美子子 51 43 45 54 46
HX_Matin 55 55 54 50 48
Tkluu 55 55 54 50 52
天子坐明堂 55 60 47 47 44
_唐伊韵 66 48 62 41 35
alienyaya 40 43 47 38 35
纯纯欲动的Cici 36 43 45 54 59
HJW黄嘉伟 51 43 47 38 48
子随小 48 48 50 44 44
虹小公子 44 26 37 35 59
rivulet-s 44 48 47 47 44
墨尘_墨尽尘了 40 62 54 50 48
Chris81112 51 40 42 47 65
Torres_hh 59 43 42 54 41
何包--- 51 52 50 47 50
继业君 40 43 50 44 41
陈雁雁_____ 48 52 64 50 52
工奇工 77 43 73 38 30
爱踢桃的林二钿 73 43 59 50 59
Chan_陈陈陈Carmen 55 52 47 44 48
Charlie-佳凌 55 52 50 41 41
均哥2017-迎来新时代 51 48 47 55 48
燕秋dodo 51 37 47 47 52
陪韩彬绕地球十圈 33 43 54 55 55
Xie--欣仪-- 48 60 31 55 48
叫我文文文静 51 50 45 50 46
I_A_Kelvin 36 55 56 50 48
晓敏君姓陈 44 72 56 71 61
ZZZ的杰神奇 44 35 42 44 50
这家伙姓李 51 60 47 65 48
_EmithFla 48 43 40 41 55
海绵童童v 48 40 47 44 50
DUA_拾肆爺_和兵长一样高的YC 40 48 45 55 59
Wiki-weng 55 40 42 50 55
Xback-霸王龙想当杀手 44 50 45 54 50
Rafael偉 55 43 42 47 52
ALAN--HM 44 43 40 38 44
五角星lol 51 48 50 41 46
123木头人- 55 52 50 47 52
泽彬是外省仔 66 50 59 54 55
karine_Wu 55 60 42 47 50
不懂哈近吗达的我是--廷娟 55 52 59 54 50
翁嗡嗡嗡 36 43 54 35 44
CarsonLim林灿桐 36 33 34 54 65
黄启俊 40 48 54 50 48
远方流亡者 51 55 50 55 55
柯树煜 62 40 62 54 52
添添向上1314 62 43 54 59 46
清纯儒雅博学阳光的小黑 55 52 45 50 52
shirley栗子chu 62 37 45 29 41
LD挂科挂你妹 40 60 56 47 50
chen豪悦 62 48 59 55 46
-babyLee 33 50 47 47 50
安宁_loda脑残粉 55 55 73 38 46
苏Cu 44 52 54 47 50
Go油菜 59 50 50 47 44
谢细燕 51 55 47 65 52
菜田锄草浇水zhijie 40 57 50 55 46
ice-Chen晓冰 55 43 65 55 55
autisticB 44 40 45 44 52
KritoScarlet 51 55 56 54 41
水煮猫猫 51 60 50 55 55
温暖的羊驼 59 55 47 62 41
明明明眸 55 48 40 50 50
阿树豪啊 51 50 56 54 48
遇安17 55 43 45 54 52
芦荟-锶娴 55 60 54 59 48
Scientist97 62 40 56 38 46
_东方微明_ 48 48 56 41 44
Jessie_wcy 55 43 50 44 48
张家小三妹 48 52 64 71 35
lorabbit2 55 50 50 55 35
Wilson_Mint 51 48 47 47 55
TTTTTTTOP 59 43 50 50 48
志强向太阳 59 48 47 47 50
肥翔不要肥 40 43 50 32 55
Transienting 48 43 45 27 50
Lily_two余钊纯哈哈 55 52 54 55 59
惊蛰w少年 36 55 47 50 41
陈传管住嘴 66 50 59 54 55
荒野青空 44 50 37 44 55
hihihihibbgirl 48 48 59 62 46
岁月的痕迹37 36 55 47 55 44
小火子阿七 62 37 54 38 44
哆啦C梦 40 60 64 71 55
南国苏叶 66 48 40 47 44
exSser_冰莹为自己奋斗 55 43 40 44 50
为追上LJ努力的LJX 40 48 45 55 59
一粒鸡丸 25 43 47 62 44
打啵B大黄虫iii 33 52 45 59 61
文烁烁lws 40 35 40 47 63
全面奔向你康社会 40 43 64 41 55
Emma一直都很成熟稳重 33 52 47 47 46
l-u-x-u 55 55 56 54 48
恋璃瑜 78 55 59 65 65
培儿儿儿儿儿 40 55 47 62 44
Lebryant-彦廷 44 43 47 50 50
山脚小掌柜 55 43 56 44 38
雪代 55 30 47 27 46
萝卜紫菜芋头汤 36 52 45 55 52
九特么的歌 44 43 45 44 52
Sue_煜杨 66 43 54 47 50
我爱宁舟韩业爱到发疯 48 40 42 41 48
端毅诚爱_赖树树 36 55 42 59 52
子媚子 48 57 47 68 41
HY-Yuanlv 48 60 47 54 61
KY刊SK 59 48 62	35 44
chris翠莹 59 57 56 62 48
_大大大舒 59 50 56 55 61
Ganjamin 51 52 54 50 52
闇no翼 65 40 56 24 44
strivermyyy 40 50 50 47 61
皇上-息怒 44 57 59 47 44
天桥那边是伦敦 48 50 47 50 61
改个名不想被找到 55 43 50 41 48
长颈鹿深度中毒_De_谦米可 36 48 47 62 52
当连呼吸都成了奢侈 70 52 62 44 35
w-小欣xin 62 52 56 50 41
嘻我是要成为海贼王的男人 62 43 56 44 41
展er话时间时间会给我答案 55 43 37 50 59
华小农与张火箭 40 43 56 41 52
踩踩彩O 55 50 50 41 46
无法阻挡的bobbi 29 43 40 50 61
BB说海里有吴镇鱼 36 60 42 65 0
鱼小橦 40 40 47 50 50
胖腻 44 60 54 62 50
CHEN陈奕珊 55 43 37 47 48
不二村村长助理H 66 48 62 41 35
斐然斐然-_- 62 52 50 55 35
十三是深井冰 33 52 45 59 61
十二英尺深的海 55 50 47 50 55
热爱学习的李想同学 70 43 62 47 48
申健_戴 48 43 50 50 50
ppppd- 59 40 34 47 38
BenbenbenLau_ 44 48 42 47 48
ChingY_ES 59 48 47 38 35
Lazy_反正我也没差 40 57 31 50 52
一只郝大胖 55 37 50 54 38
LXJ-RO 55 52 59 44 48
喝前_尧一尧 36 43 45 38 41
家有丑鱼 51 48 47 47 46
lbs_68 40 43 54 50 41
彬多萌萌哒 48 48 59 38 48
囧喵了个咪 62 43 56 44 44
瑾璟 62 50 50 44 35
美琪四汐 33 48 45 41 30
Peng-莉虹 36 43 42 32 48
Amanda盖盖 0 33 45 35 61
骆炼杰 40 52 54 59 38
Tal-won 51 50 54 44 24
Chan_Riva_ 62 50 56 55 38
JoHnHLG 51 43 56 44 44
Crystal水晶仔 40 55 54 71 48
